1000
108 153
77 503
198 765
923 516
798 408
548 316
250 604
870 815
958 45
708 216
53 954
163 899
70 647
194 218
7 389
424 59
608 629
278 324
272 5
610 430
135 790
599 749
880 714
540 955
556 530
152 650
149 628
468 971
448 245
721 907
591 906
993 978
717 902
361 364
816 203
665 872
634 154
909 206
752 262
400 15
950 968
380 988
441 131
985 173
592 102
211 768
66 14
171 901
106 363
550 589
117 140
501 276
827 439
27 932
234 322
883 806
118 281
694 611
655 770
403 434
597 401
877 469
466 795
783 637
740 624
614 990
123 244
809 910
869 580
801 158
861 254
138 636
122 992
240 37
739 562
411 979
346 60
487 687
842 673
934 919
228 784
728 190
841 442
210 227
840 709
36 756
238 341
939 337
792 127
649 491
220 771
854 186
512 575
951 609
353 546
207 40
338 458
999 419
50 847
8 451
943 104
32 817
631 236
497 88
762 788
371 595
90 643
345 598
644 369
640 975
381 733
527 511
38 606
19 763
472 517
284 493
862 75
504 731
601 972
946 461
265 925
143 0
196 18
552 179
130 283
340 397
175 878
953 918
315 309
33 239
433 508
764 456
619 495
86 856
12 431
948 885
348 452
310 446
480 586
205 133
560 800
532 349
463 523
78 4
888 44
422 392
704 195
991 62
623 528
148 496
43 421
204 674
720 87
822 193
39 542
969 590
67 776
500 692
174 661
574 9
213 659
499 814
635 593
436 248
183 807
270 520
26 654
581 109
368 160
965 25
479 998
224 802
237 34
261 515
280 470
774 30
543 626
505 737
156 229
761 675
295 428
28 582
476 657
182 853
926 791
799 372
600 48
325 251
398 745
567 554
145 378
535 129
443 566
330 625
810 534
10 232
485 829
989 858
887 128
672 833
949 966
409 645
99 876
502 111
132 875
974 849
529 222
365 100
732 217
729 95
658 266
219 347
257 169
246 867
165 275
82 453
201 555
314 427
161 393
952 662
323 893
808 994
486 52
559 360
359 83
933 385
255 521
289 172
618 726
570 147
318 72
136 686
460 391
64 746
716 223
777 492
351 465
719 656
191 982
653 235
557 995
35 417
192 533
313 3
432 311
243 68
526 41
996 290
603 328
755 697
741 159
864 522
724 144
669 166
693 120
541 868
46 76
757 915
797 489
782 420
29 553
976 691
781 271
170 824
942 928
660 525
51 142
47 531
23 941
256 16
707 743
930 84
410 524
103 241
287 894
405 633
852 648
576 685
513 306
268 690
652 924
786 412
563 418
329 110
121 302
639 723
938 386
677 983
459 354
736 423
718 605
785 303
79 61
758 607
602 825
796 49
929 905
820 884
678 514
579 812
744 113
881 73
927 700
826 85
168 185
279 794
712 702
585 2
56 813
413 772
96 793
139 959
187 464
573 944
395 754
897 269
282 564
352 114
335 71
317 344
630 231
509 180
568 125
437 895
572 670
402 367
860 916
735 668
89 889
913 882
936 945
296 366
288 440
857 498
462 706
987 414
471 321
823 141
970 892
376 31
126 447
689 167
617 759
474 940
837 843
865 571
682 787
350 467
342 488
863 155
176 252
308 263
937 536
233 298
377 164
394 146
162 760
273 444
778 291
681 319
481 859
588 475
426 698
848 538
839 805
551 803
197 339
900 326
836 304
671 294
91 986
695 445
773 549
260 828
997 264
851 742
184 454
832 748
336 921
300 327
819 734
373 407
642 6
780 484
212 221
356 285
307 137
178 850
612 98
835 587
215 81
676 730
11 226
663 119
696 297
247 680
956 478
482 703
42 632
473 374
208 383
343 981
293 1
305 622
577 977
333 518
666 438
845 181
63 830
957 715
21 58
97 818
370 507
277 94
621 55
766 54
967 253
834 22
821 494
506 914
769 301
705 362
292 74
789 299
903 396
920 242
399 388
274 455
358 874
134 917
384 963
699 961
898 80
150 547
641 908
713 286
911 202
583 750
838 375
710 151
980 811
312 565
947 616
775 747
267 596
558 561
24 973
544 214
157 684
92 477
200 896
93 490
804 638
701 620
844 65
17 416
357 627
578 387
584 537
738 188
871 334
753 209
382 855
107 891
711 189
866 105
879 646
615 124
379 904
249 519
115 962
449 912
258 751
20 483
230 406
425 332
886 594
613 683
331 404
779 101
57 767
545 984
890 846
931 831
873 457
725 199
112 177
13 259
69 688
510 935
664 415
225 922
679 390
964 727
722 651
450 569
320 539
435 960
116 355
429 667
0
