10000
4353 2545
4620 8290
5033 5108
8392 7386
1250 7085
4947 790
2248 2290
1029 9468
5577 1552
32 5018
4854 1913
7501 6259
9024 1775
6706 8986
5020 1278
9587 1045
5861 9685
2536 6066
2289 6364
9546 9617
9231 2719
8443 8953
7585 8938
7140 9471
6635 6229
4963 2914
7786 6795
6221 9069
7313 5370
9456 5005
1179 2919
3455 8659
2044 3725
2035 5137
1069 6914
1608 4245
2324 5555
6543 1754
3220 1657
4373 459
1299 1581
7554 3278
7476 8325
7470 1943
4030 7179
6580 4665
3095 6935
1047 2655
8855 4446
1020 8755
4472 6075
1408 1825
6380 7171
8954 8863
9506 7212
5561 5575
4218 2518
6360 5473
8798 2011
7517 3971
5271 7007
6442 9524
2604 1780
1642 3881
7072 3981
9724 5341
4608 9719
6104 7997
1864 6851
5193 4401
7779 1682
3005 2702
8099 7806
8674 14
41 5805
8393 910
2376 2583
3292 2076
359 6917
1171 5069
6508 9470
2850 7680
9269 4833
2494 4246
2753 9477
9398 7132
2386 3374
6300 7213
5115 3967
1210 5476
3692 9079
9821 246
3810 6438
2116 345
259 4892
236 6554
5761 5457
6867 3091
3080 9729
7675 7415
6906 9895
6377 233
706 5987
9717 5302
3418 1589
5959 623
5349 7571
1501 6111
3657 1551
4061 1245
649 5253
1547 8081
6413 1390
111 8233
8460 2762
629 6721
1530 8228
9792 2277
3829 1495
6139 5418
8807 483
9541 49
9525 412
1384 5694
3209 3863
3688 2893
4941 8429
2321 4087
2801 2318
2528 6460
4858 7066
4705 8209
6306 4667
7041 6995
2687 7165
3846 4821
8895 9714
3980 7777
4215 3957
9258 7192
8298 8212
4813 1193
9277 4931
1324 8496
7647 2830
1699 4777
3765 1578
4654 6122
9624 4627
1854 7159
6112 6977
719 4514
508 3355
7100 256
8311 3215
2197 6616
2639 709
8181 4507
2700 9365
1206 7508
1120 4960
684 9150
5295 3972
5183 5079
760 7318
6870 3825
1284 3904
6524 7306
9192 9677
9799 1096
5807 571
3386 4841
5737 5046
5016 8780
8632 5153
7970 5455
900 9876
6422 6415
7556 2400
6792 2114
1732 1456
5902 9968
4110 5471
4083 7796
4390 7346
2490 4784
9381 741
3048 4377
2981 4436
3538 3973
9284 6206
9124 1891
5819 8734
4562 5581
1713 5379
9325 5126
9125 9573
5363 1529
1356 4132
4485 3290
1150 9989
7487 2327
8623 9014
7881 3409
8463 5952
9734 3342
7825 5426
4150 6450
964 6909
1 326
1060 5648
3447 5569
9985 6978
8053 2488
271 2848
5101 441
4967 4260
8950 9580
7290 6448
3536 5906
2279 5639
5465 1855
5676 9407
4329 3453
4035 1969
94 9906
7439 6431
7996 8591
2335 7926
3706 5382
6933 7787
6551 6617
6725 2186
9913 969
9822 2018
332 1861
7837 5595
9111 8017
2385 695
4284 8611
8620 2495
5095 6302
3586 6443
5591 7695
2980 5100
1048 3642
2660 5748
2790 277
9969 4512
4008 8813
8268 822
2951 2967
4879 7024
1131 6461
657 2351
9723 9751
8960 6689
8078 1849
5978 4754
394 1764
7562 3397
5088 1084
6768 6303
2303 8661
6237 1459
6741 8857
7918 1961
4724 3445
2501 9449
6378 3101
1828 2827
3550 4244
3570 7480
275 9455
2269 7363
8936 6172
4257 6371
9802 1966
9093 7271
9406 3713
7827 6510
186 1019
6369 1595
5149 1688
7566 1030
4850 9707
3988 9314
6777 3546
4978 3791
4275 9379
2133 4948
1683 4969
467 3305
5477 1211
4802 3974
8946 8327
8713 5922
5333 5745
3408 2144
1309 8237
673 1748
3553 9746
3776 965
584 5613
43 6579
5494 4045
5742 7492
4381 7607
3508 9901
5562 9716
847 5112
8925 3802
2669 2440
8597 6876
8218 6659
4358 7499
2712 1995
6961 6484
355 2493
5207 8039
2887 3643
8730 293
815 6676
4410 6153
13 7259
2034 7597
1798 9431
6901 6278
3925 2672
1974 3918
1101 3888
4070 1885
1058 6986
8421 7620
5921 1622
5706 118
724 5413
2015 6958
6264 5422
4885 6065
1157 8477
398 4127
7835 1400
5195 2433
9897 4658
4839 4742
8877 1256
8287 1837
8007 6623
9166 8302
7632 1884
762 5117
5790 3131
9545 9300
7371 4002
2069 7544
5763 6550
7712 9227
4332 329
2256 4324
7431 4168
3186 1050
2891 1906
9337 1681
8585 3439
6001 1268
2077 1954
452 2517
1544 8590
7070 230
2653 8084
4656 6098
859 2431
7736 6034
6957 1262
8222 8485
7368 8160
5150 7082
8829 5563
439 6193
1858 1843
2167 1949
4194 2073
8822 4372
6927 5258
2856 109
1577 9828
4710 4307
33 9921
4816 9303
7275 8354
5932 2406
2745 3729
3356 3354
4147 7890
8533 6266
7049 6874
1942 6140
1793 3534
5008 8744
9072 6220
7067 4308
8356 9731
3208 2273
8423 5943
6926 9238
6932 8885
3301 3396
5464 4682
5914 6672
1134 1554
2598 7176
7168 3545
7155 656
885 4072
5058 4340
2742 1349
4623 6736
3410 9242
1099 1592
4563 9511
8145 936
8061 7343
8868 8761
5712 4001
6216 171
9613 782
851 1077
6064 9385
3701 1618
7163 7576
8918 2709
3166 1816
3887 5068
25 8465
5093 5503
821 1174
8458 4074
7143 6336
2804 8205
475 9858
911 9220
2443 6445
1173 7245
4278 7692
1463 2657
8249 3332
4268 6328
2409 5114
474 5151
2000 1546
5956 2110
919 3133
8164 2580
4327 1810
5904 335
8671 3831
3749 2333
3065 4102
417 8385
3266 9851
9773 1257
6405 7696
8975 8448
5586 5609
4211 6688
920 4192
420 7157
7985 6087
6632 8568
2795 463
9248 771
9156 3196
5568 9936
2293 1486
8042 7038
4029 9259
4031 1046
3391 6124
9305 7359
37 1386
2375 4633
3024 5164
6345 8274
5280 1615
8826 9579
6493 8882
7366 9862
7855 4903
8455 8196
1105 5832
9817 9182
6793 6256
9583 631
5635 1582
5779 2549
1804 8292
8475 3407
6352 2462
9008 404
2632 3597
6969 3495
4757 4790
7741 2543
9535 9401
6010 1809
9421 7971
539 391
2710 2839
3472 1571
652 9062
4421 8647
4069 2892
1719 2933
5489 555
2760 3848
5521 6449
1014 8446
3462 1971
1442 6811
1714 6511
9309 9900
5977 5135
6717 2056
5453 1231
6148 9299
7815 3420
6471 4806
3370 8823
2562 5131
4484 8578
5444 9497
8638 1280
7016 5213
7543 7981
2081 8924
75 4506
5190 586
4940 6109
8095 747
7955 9239
4261 1044
9211 8721
819 6085
6282 7115
6588 1221
4899 9221
8731 987
7649 1772
5468 3763
2824 5400
122 7193
9389 8185
6287 8696
5812 5326
7035 4933
5158 4782
6144 6107
5523 6262
9206 1498
1881 8093
6937 8336
2540 2064
9946 3793
5116 1037
6166 6292
8522 4945
1081 7261
4601 5534
76 8459
4338 5726
5082 2100
7828 6866
349 2727
2135 5406
143 5501
9813 2413
9703 7689
5394 6114
9590 5605
6802 6981
4488 6291
7080 6212
6928 3097
757 6488
3117 6155
721 5877
1255 4109
2276 8529
1357 8451
8134 5923
2651 7125
3270 4535
5122 8658
9000 1518
8619 1425
6171 8804
7485 1180
9018 4281
324 2662
148 4040
9889 1566
3335 1074
837 4751
5361 884
7285 9043
5187 8972
4182 4325
4491 2270
9551 1538
314 6254
9846 8515
4274 1387
1829 6576
2275 6664
9564 1999
4136 3919
9857 1071
654 8014
1639 2585
2423 6897
8932 3524
8989 9096
769 9475
808 8242
2718 321
8563 2336
5646 1722
8864 6439
9584 227
9941 5910
3795 8790
3633 1987
272 7644
4077 9588
6486 6639
2396 1830
6538 3789
9770 2915
3423 3197
3541 7006
3574 1036
9899 844
3456 6348
8875 1908
278 3815
7530 3803
396 3295
3579 8102
3530 5883
2209 9340
5245 3865
6265 5543
5911 862
8663 4383
5967 2908
9650 9988
9250 5798
2441 5864
5612 598
2973 2180
6560 573
7407 7401
7000 1766
5167 5497
3325 6481
2260 7403
7380 5369
3157 9789
3317 7532
5545 2251
4079 7392
4716 7182
734 7740
3419 9987
6920 7236
8006 7400
1835 893
9022 5407
550 5625
8009 7382
4939 6269
7608 9938
5768 4541
3686 9282
9086 8432
8068 1537
56 3845
3577 4368
2308 6847
4032 8624
9831 460
9894 3304
3109 727
4492 6665
3537 3172
4142 3165
4090 7609
6424 3817
7888 7850
7351 3598
8850 6609
6142 9047
9007 3938
4800 8257
669 8782
3309 7018
3339 1003
9928 1811
3123 1338
5756 8360
3759 4566
9121 5972
9065 6787
9138 2298
9352 8903
5988 2046
7586 2210
5332 6331
1306 4055
5227 7111
4786 6241
9202 700
6478 9132
557 5488
5836 6662
2786 621
5316 7424
9812 4970
1799 3935
6078 545
4438 6074
219 679
8593 2389
4157 773
9680 5290
422 3777
9931 916
0 9244
6875 748
3118 1374
9140 401
3604 8970
6072 8245
4495 1067
2515 6437
5417 3477
6723 7774
6243 5229
7842 8707
7548 1528
4046 2666
7962 9597
9416 8547
7989 3446
9155 7263
9645 7427
750 1575
6518 4718
7264 4661
7659 5224
6356 2426
9558 5908
7158 1460
4490 3307
9745 4501
4819 4697
7598 4048
984 4619
3593 8904
6955 73
2016 8996
8147 4901
4155 8394
4515 4529
2964 8075
1917 2122
931 9853
5203 3647
8534 5783
701 5982
2877 5217
9995 6375
9234 9920
2108 115
3990 9721
3331 2614
901 7782
5786 331
9496 8180
7867 6418
21 1429
3058 5178
9604 4071
1247 7091
5657 167
9664 9366
280 1935
9674 426
2738 786
9577 6036
1598 6483
6898 672
7337 1670
9085 4560
5427 7280
3705 5294
9161 9270
8362 4467
2037 1380
5277 5230
9452 8951
2836 3146
8870 6281
2832 3783
2028 7710
1418 4942
6861 1847
3378 3514
6695 3836
9174 9108
5264 3296
9800 4250
1263 990
9116 4414
2370 1933
4582 4402
6839 3522
4034 4134
7088 7711
8488 7187
7104 3138
2685 9576
9654 7542
4474 8467
1490 3756
306 4516
8974 3882
6197 6296
6338 1901
5730 9344
6800 9753
5856 6059
1758 4847
6427 883
8594 6326
3289 4781
7348 4141
7044 1202
759 2928
1989 7677
3235 2977
6570 8738
6715 1205
3775 6600
5970 2552
7909 2255
5051 968
2142 2913
5872 8773
7793 6056
4118 2245
5073 3188
7707 9498
149 1061
9668 146
8317 7592
8262 8313
1972 2749
4051 8820
2094 8079
9706 9682
9318 9847
974 6996
1362 2553
4013 3728
2161 71
8169 6357
3190 9029
9275 9052
7498 8615
8330 7174
1409 1840
8692 2078
5037 8642
1977 8052
9852 7283
7892 8621
1447 8080
3257 370
211 6294
7462 3581
6038 7927
8680 7628
1496 4612
1097 3707
4115 3070
3914 5475
2759 3089
7803 9001
6174 3551
8839 5319
879 40
6904 3078
950 1331
7301 1275
445 7443
1316 8796
5981 7350
288 1587
7640 6379
2851 9769
3735 5960
4306 5541
6807 2833
3911 970
127 3552
1478 4577
3486 3377
2634 6121
9164 7148
9710 5915
1801 1771
9397 3063
7317 2454
3438 6268
2112 5882
3548 3822
7518 3405
1207 2947
2141 4122
8273 1027
2104 1757
9426 1138
4735 3965
188 2022
976 3512
7473 6198
6599 6385
3213 3638
363 5
9133 421
7959 8175
216 993
1433 7472
8845 1446
1980 8447
2747 4213
8716 4771
2213 4330
6780 7883
3450 7897
8345 1439
983 2751
9673 8193
2821 696
2701 2096
8947 7278
6063 8723
3315 1576
5061 7952
5288 7758
3230 1521
9563 6512
8747 1806
4517 5750
3917 9189
2410 1326
8909 5711
691 9742
4911 6464
7468 3954
3854 3487
2405 3752
6008 3847
6888 8301
5817 418
2916 129
268 1285
4728 119
7810 6941
2079 1007
9629 3347
5359 9422
3915 4993
8276 2054
4872 635
8504 1244
6313 7333
3575 7615
9324 3712
4502 7207
9804 7062
6729 8910
6435 549
1831 2647
7246 3114
5238 8073
5119 2090
4397 4462
6922 8434
7446 8271
5542 3787
8492 8666
2667 5525
2897 8011
907 1834
1725 5275
5634 3662
6910 1514
9939 7330
8684 8884
9620 6469
7635 5239
7045 507
1519 1464
187 8746
7687 892
823 3012
1646 3054
9243 4464
3505 6939
7908 3879
4233 732
9197 1178
217 3580
7611 2658
2642 5360
8319 723
2416 7221
985 5493
3660 8246
2491 7314
142 6406
6684 8681
1398 6814
4015 5273
3043 3236
4207 9356
2968 765
7120 5599
5814 5617
9394 3901
2931 8328
7421 7998
1477 7355
1709 5509
6032 4648
5548 325
2349 6885
1624 2429
3721 1391
7708 3372
7426 7017
8179 1586
8569 8810
7286 6819
7878 2383
4223 2472
1664 8241
8860 2192
3808 1868
2024 5637
9301 3028
8849 8234
8789 9099
8742 5937
9330 9434
986 6829
4613 3073
9841 4906
7026 8115
3204 1413
5163 5645
7430 1166
4159 5246
407 572
4703 8149
5681 2784
2882 173
1104 6709
1343 8603
1727 8791
3254 8662
1617 7027
1269 7658
4219 7121
2982 6540
8854 4096
3341 2257
9643 2151
9818 1745
9257 4977
5365 2145
6116 8527
7521 506
4319 6283
967 5896
4158 7188
2205 2612
7071 3161
9556 2939
6234 7902
1875 434
2862 4569
3755 2307
9874 9444
5769 7466
4172 3443
8985 2776
8060 9451
4522 525
2052 4864
6521 7311
5428 7646
1229 2855
9537 1137
3746 2739
2063 1340
662 5269
753 2007
5732 1428
1924 3429
7423 5827
3807 9793
1627 4100
350 6753
3670 9493
6133 2631
1661 6105
6726 8026
2708 5930
8266 7469
1292 7185
7022 7977
3034 1404
770 1489
8699 3299
403 7925
6923 5169
3576 5306
3622 7813
4028 1844
528 7090
3279 8670
1281 4084
2404 9810
5186 8843
1300 6181
5415 5241
1265 489
3483 1588
3838 4416
3081 4729
9467 5865
6366 7936
1321 8297
496 4396
9761 2924
3273 9392
1200 570
2132 2813
4108 3032
5518 4342
3066 4367
5347 6938
3402 3072
2 2479
9798 358
560 9653
3326 5223
8805 6525
4513 4258
7503 2802
2829 218
3619 5884
5480 4913
3565 5254
8170 5513
4700 2911
8182 2020
5626 878
4328 9418
7612 4890
4649 6794
9646 2840
5826 4814
6680 685
6236 3286
2486 4014
3314 7953
8096 720
9779 4894
3563 2958
8570 2088
1738 5935
4773 6998
8645 8050
5976 5793
2522 2200
2602 3833
9776 9480
5296 8412
1939 6773
4574 2770
5162 4137
6638 6645
7043 6965
6782 449
8601 2485
6843 9450
9054 6697
3716 8285
758 601
8901 1734
3173 8526
3158 3588
604 8370
8539 881
4466 1276
8686 6467
8305 3494
5106 3312
8321 9757
1123 365
8712 3088
4801 2809
588 9104
5775 9042
7028 6602
7574 78
6743 6317
5045 162
7199 9610
7991 6067
2121 7541
1427 8320
3556 1089
7504 774
3199 9472
4578 8992
2288 5619
7767 3026
252 1144
6157 5850
5249 4026
4769 4334
619 2556
6289 4846
9880 5442
853 2826
3245 1466
8010 9869
3191 4451
3708 9184
1108 3960
6421 1358
8848 6790
8395 2841
2793 7920
9873 3961
1717 9028
2810 2452
281 7448
7967 1128
5312 1149
6367 437
4022 891
3631 2965
5384 5979
101 266
5671 6831
6984 2853
2435 4343
5087 4629
498 6055
9606 9113
8653 128
1931 8871
5718 4744
7546 5556
1100 5891
3141 6730
8244 3828
9560 1886
4313 4527
3826 1952
4979 4943
5572 3696
7203 7956
5038 1522
5520 7944
7429 1396
7729 3006
2935 4283
2741 5208
4005 4937
1426 1430
5402 3948
6141 3294
9393 7755
7662 3923
4166 8101
6534 5950
5089 9539
8090 464
1494 792
8914 88
9756 9146
7025 9816
1761 2533
7672 3068
4374 150
1040 6677
9129 8417
6043 7791
4988 1239
6159 2725
6500 1015
9117 81
2316 4423
7619 5260
1377 870
5878 7757
8369 348
4761 2358
1197 9945
9605 5184
3569 450
4587 85
7216 131
6490 4938
2843 1850
2732 7992
1819 5225
7422 3099
2876 166
3601 1158
2595 2654
7871 9562
5403 8602
1958 4178
6252 9887
2179 8279
6362 2119
2694 4591
5479 8926
4907 1237
5337 3679
5510 4904
3896 5895
6029 592
9670 8112
4936 9153
4418 5528
8260 5435
9361 4427
8326 9441
5499 7040
961 4126
212 4239
8367 2379
6591 5160
7309 2332
554 8350
7251 3098
6354 5492
7156 4317
4528 7009
3085 3678
3812 2825
5222 6214
2474 2777
6258 6373
7671 2168
3513 1075
334 7880
1279 8131
1527 4795
6700 8968
8913 8920
1196 4733
7961 9592
1304 4160
9338 7361
9777 4734
8349 1820
7743 3851
7254 8596
9046 9735
1359 922
7538 9346
5989 9571
6204 6747
5749 8430
2261 6135
4668 1112
9981 6916
72 1743
5220 6959
136 6310
4634 4731
3104 6820
3994 5583
2582 4981
2040 6253
44 3614
3902 6779
5366 3110
7456 8351
6091 8905
3811 9094
2838 287
5990 1790
9566 9214
9618 2222
3897 7999
4994 1788
8281 4704
9912 6549
7231 8413
3878 971
2866 1103
628 4187
648 5243
7341 6217
708 5048
1259 6881
5401 4873
245 2439
5909 1663
2711 2898
9697 3106
9091 5744
3786 3336
9187 6051
8221 4755
7069 930
4487 8195
7409 7438
7633 9488
1998 6687
801 5189
562 3128
3327 5338
9003 1461
4787 8708
1484 3669
4419 6529
3900 5709
156 3144
8054 9199
60 7978
4420 4388
633 3422
6021 2001
3426 4226
680 4980
579 5680
8517 1251
3589 1853
8717 8038
448 8907
9625 7014
5731 1503
1859 7419
6191 8194
6855 9508
490 8408
1334 6370
6382 1887
8808 6228
201 743
2227 6335
3661 5687
6976 2310
4479 2092
6270 6167
7655 4835
9289 6480
2971 2636
5228 9974
977 1212
1133 3893
9075 108
5004 9750
2723 4871
7652 4411
7347 4293
8873 9329
4493 3758
1611 2347
9245 2302
9224 6950
2546 6873
5050 5314
7281 8224
543 5598
7269 5440
2729 9529
2185 3021
7848 1899
3406 7135
6734 8963
7889 2403
6318 4647
9696 180
7691 9128
3940 6989
4248 446
5699 7625
756 251
9106 3727
7862 5459
5105 455
2322 7173
2012 8523
5003 4812
7822 3476
854 3613
1603 6894
1945 2756
1568 4237
6339 7534
2755 3733
8204 6774
2586 3734
5056 2051
4304 9518
2055 8403
8329 8071
4952 8154
1737 6929
8519 1833
164 5984
4713 981
8116 4311
873 7895
3283 818
7002 1440
7420 8832
7434 3087
6417 1169
6608 8211
8049 6701
8162 2113
6389 4868
909 9123
3547 6392
6850 9464
4926 8562
477 4422
6830 82
3153 1254
5879 177
9896 3111
9359 6232
7056 5097
6744 9404
6092 5132
5429 8687
866 8549
9273 5077
4673 4896
5092 7665
5876 8576
7210 4568
4073 3256
9088 2883
1412 7332
2460 7295
5219 8812
3778 2791
1004 914
8184 3009
6641 3673
9950 6535
1848 9736
2675 7391
6286 4679
6669 9090
3650 5286
1271 7560
8000 5918
2909 8581
176 7408
7949 3606
4919 7685
6138 7524
6703 2053
8856 3998
1483 7596
2306 1803
3155 6651
1508 2442
2189 8062
2461 5615
6603 8584
4688 9951
3717 1227
9667 5863
8675 61
3870 6190
2788 6027
1895 1605
2689 1070
5248 5540
4251 3976
4456 1028
7474 9824
5602 5340
7500 2297
1770 3195
6271 6312
1127 2934
5929 6474
7305 1054
6523 4196
7108 8254
6868 6647
564 9114
3737 4550
8558 3549
9864 6150
5270 3656
4255 948
6235 9026
5656 5674
9659 5371
8107 1481
9267 1928
831 749
2414 5532
7630 7299
2566 6396
5200 4023
2305 9411
8667 4379
1462 4025
2097 820
7865 6080
3885 9286
375 6737
9877 8342
3625 9766
3345 744
4730 2348
1419 1160
2938 1907
5199 3626
8830 191
1471 9669
2615 4567
7191 9866
8358 1635
414 6798
2949 4596
6924 7875
6400 6470
5002 524
9711 9362
6979 2509
7969 8103
8069 7713
8382 4657
3460 6661
4471 7932
2068 6343
424 7745
6596 1161
3594 4706
1970 7781
8482 3388
3715 6869
1323 6520
5887 5307
2282 8405
6041 5998
6024 9190
8530 4417
5113 6980
7137 5843
5439 8216
6412 7270
4078 248
2194 816
3853 5725
6533 7204
7643 6113
4805 9319
7934 1315
2496 793
7405 6948
2137 3240
4018 352
9070 1560
8173 5531
1214 497
4473 3404
9823 4767
9586 4882
763 8200
1118 385
9154 8223
1307 9440
4455 3139
9387 1016
3143 2512
8937 8203
8548 5202
7773 585
6054 6568
1668 6052
5235 45
2246 3987
6037 2499
8700 8835
2889 5589
3682 242
1072 8915
5578 4951
9339 9152
4095 6712
8476 1821
5044 1860
1203 4750
3053 8890
857 784
5143 2618
9532 7832
9020 3156
521 2903
8031 2337
4452 1129
1308 7130
4552 1353
7385 1609
4984 5993
1151 5667
9453 1653
2196 400
6670 4337
3163 2010
1930 4888
9005 4146
5305 627
6046 2664
8335 1188
6841 406
3785 4539
3732 4651
4982 7215
7856 6796
6391 2357
8703 2328
4523 2852
1423 2023
5799 7054
7013 4326
5436 6574
7990 5180
5486 2678
1416 8314
7252 5857
8814 6590
1038 6272
917 8500
599 7471
2803 5161
2057 4792
3684 5741
2475 4217
5152 3003
2698 8284
5633 516
4052 8171
674 7802
4974 962
8104 9312
3497 7602
6911 1564
1993 4393
1011 1293
6244 8762
8828 6351
5554 6586
5198 3517
9774 7170
2232 6454
9424 7377
2169 5727
4117 224
2690 9376
8537 5559
5900 814
130 6553
9332 4447
8961 3645
5043 454
8682 8916
6740 5770
7590 8280
2420 4797
1879 8148
5610 6994
172 2691
4752 35
4830 6374
6621 2648
3898 9790
2339 2304
6694 1781
8001 9345
1897 9336
5096 949
1372 3924
4037 7673
2390 137
5448 4510
5588 209
1406 6735
2699 5822
5728 8991
8494 6513
4000 1827
9838 6349
6846 988
6890 5364
6951 5897
4508 2978
5683 9633
7688 7668
3532 6691
2072 494
4590 5859
2952 2954
3584 3178
3263 3424
8339 5484
7873 3610
9335 7339
4998 2271
5838 8306
9778 4105
2424 7882
2601 5109
77 5017
6789 1842
1836 9700
9027 5174
4607 168
7507 5362
7523 8309
6936 3031
4405 6023
6754 276
5052 7
2432 8874
204 2638
6582 718
1032 8861
7276 7670
5000 5430
8201 2247
7398 6559
30 8556
5813 5071
2478 2624
6489 9749
9521 2362
7404 6132
2969 6013
7718 8633
7486 4058
2532 1012
7901 7591
5697 7629
8778 6154
1791 5336
7922 139
6654 6314
6103 2106
4428 3499
5414 2252
380 2216
2611 4820
4747 2726
4779 3920
4962 181
5739 4322
5358 2352
2191 945
5550 7315
4932 4363
2402 5084
9534 538
1000 1382
1960 5549
4406 9737
1330 6017
1654 4050
3268 3830
473 7012
2593 9053
6211 7536
432 5146
6764 6361
1823 9738
1087 2262
1651 1369
4721 761
832 1553
825 9119
4362 9321
3718 7238
9364 5396
4336 7461
8352 2504
3646 8834
4361 6416
7980 615
6966 7186
3464 273
5431 880
4241 5607
4220 6492
1636 537
6273 2364
2130 6776
1348 852
8706 9516
5007 2864
7031 2677
9179 6592
2567 2181
294 7059
9474 8353
8605 367
5447 68
1491 9181
8142 7840
6537 1556
4518 8634
6123 3639
5083 436
6126 2259
868 3844
8900 1973
3558 8472
9120 3496
5133 3207
1539 4198
1979 472
1240 2721
6546 6288
6772 6014
9109 2176
7506 4953
1890 6321
7618 17
1652 8454
8119 5962
8765 7274
4580 963
6707 5996
3555 4331
1452 6137
5233 3855
6485 651
7912 2287
4138 1401
7367 2004
4525 8168
6915 3964
3413 4764
1720 7794
3814 4643
5926 6834
376 1700
4193 5410
3329 3275
3308 9383
4611 194
1947 1994
1407 3108
7058 308
3129 8338
8618 5014
366 3694
1117 2146
3401 1350
620 6509
2688 942
7995 2449
8867 9919
6009 9526
4570 3132
4263 1115
8231 2901
7915 5905
1599 1073
1736 9272
66 9713
5601 9015
5729 9898
2207 3797
393 8420
7122 3644
9408 5765
5552 6531
7127 552
4565 8976
8511 5483
7511 532
593 6194
2649 2641
9328 9879
8988 7539
8919 1216
9536 1638
5551 5472
2774 7161
5774 9251
6261 2972
8840 6479
4270 4719
9840 3060
906 5811
3757 504
9550 5867
4465 944
2650 6610
1373 9589
4024 3834
2147 6601
7637 2746
2086 2074
86 5939
2283 8364
4995 8628
1145 1733
5125 7353
2529 7237
9002 2437
3992 8490
3458 8962
3365 6681
2199 6832
2268 8427
261 8935
3470 3181
3942 8415
5098 1711
2896 2117
1580 1565
2236 9956
4201 3302
5188 3435
2930 5388
6952 1918
1802 7756
7800 8310
9323 8542
583 6399
2873 5736
712 3036
959 2393
667 4741
3361 3979
6083 6982
3516 5704
3340 5297
2731 1301
6381 4060
6634 1402
240 5419
2728 2313
7965 8227
6039 1815
6946 5285
4350 5474
3467 6646
6886 803
642 1548
5001 902
7900 3724
7702 7819
4886 8769
2047 8236
1561 2464
3201 3393
7923 9666
451 9997
15 4694
8786 3272
9059 7220
2878 3843
1049 7948
8210 471
1480 4453
3434 729
9050 982
1621 9193
9904 6558
5423 361
9803 6806
8586 263
2038 4666
1476 2361
3837 4826
711 4267
1191 8346
5524 7657
7769 4092
4021 9373
8722 5794
433 6713
4532 3412
8939 8469
6327 3440
9722 8478
8965 9582
6143 5482
2974 797
2844 1208
1114 3620
7110 6545
3428 5165
4720 145
2921 5420
3126 5412
6323 462
3221 9292
1650 3182
3226 7968
2254 6383
2605 5888
3617 4992
5283 24
6945 6974
284 7681
1397 3484
389 4499
8215 2206
6248 388
5330 7569
3267 4394
1985 105
9684 6062
8493 7034
7693 6071
3711 8015
975 2985
360 6456
4823 5934
1226 8146
1698 2089
5869 3675
286 5673
846 6045
5182 6652
4987 8308
2229 3473
4088 890
5948 9443
4269 3653
3835 658
7114 7497
8109 1230
9302 4586
4111 6836
4341 7033
8724 2360
4791 9825
4272 5491
2345 255
7118 7304
9549 5328
8331 3985
2250 1747
6334 175
3910 9056
2695 1194
3909 415
9266 1162
5434 5055
9388 6189
1542 896
3764 9399
5054 5600
6151 1674
7846 6219
5121 3193
8673 7354
8636 2021
8859 8560
2451 279
4753 3124
311 8775
2154 4958
2408 9990
6566 481
2166 663
7558 6255
9478 577
8263 3623
5944 7074
8058 9253
4807 903
5558 8595
5898 7153
27 4860
6766 3485
9510 9191
8118 4129
141 9548
3349 4232
4900 7799
3082 1723
1532 5791
7320 1318
2603 1148
1702 4789
3609 387
776 590
3566 4409
470 9839
4829 8606
1172 7042
3557 2676
8020 2019
1628 6686
6990 4973
8922 5961
8649 4921
3223 8056
1685 8322
3084 8676
1601 6842
5085 3535
2792 589
8894 7938
7321 8911
8513 9249
8144 2806
645 3864
7714 4020
3398 3840
6147 2070
169 1851
4893 7099
8153 9019
6963 3794
9978 9237
4646 7053
1871 9718
1923 7134
241 1444
2123 8795
2129 5940
2875 213
4175 9353
3127 9720
6185 7302
7060 1329
2834 897
7242 3055
1455 1001
858 9884
895 553
8444 4171
384 6093
6387 3742
2466 2134
2285 2568
9112 2456
5758 6146
4770 8275
5111 2242
2371 4098
4151 2661
7277 7872
9122 6887
686 1839
8111 6230
5481 5818
7379 7817
5263 4709
9165 5409
8474 5380
3816 1800
5821 26
8654 5585
8535 1453
2031 1878
2779 5892
8617 9207
7248 7512
8980 4772
8189 865
3324 1246
1064 9433
5375 6324
2565 7852
9996 6698
8433 285
4639 4917
6372 1814
7488 1170
6817 7372
7847 2983
2696 7513
484 7227
1794 5066
778 9147
5205 4224
7526 7869
4469 6175
5890 5251
103 8555
1287 2115
9264 8074
4123 9291
9279 7669
7795 9658
3528 7097
2837 6423
3616 4876
1270 671
9215 2849
6578 8553
5099 5846
1916 4302
5968 1870
8888 4459
6597 2342
6612 456
3069 4691
6526 5062
4494 8771
5580 7727
3750 8949
5023 1712
9432 8709
7119 6837
4240 5155
4167 882
9701 3159
8651 5059
8045 5284
1311 6699
8575 777
4200 8998
8186 4247
2506 4825
5621 4780
6852 9555
7960 6903
8931 1113
4546 2771
163 84
9333 2344
405 8300
8506 1327
1314 7972
827 6878
3346 2381
6542 6902
7950 154
4923 2428
2859 4950
9127 7268
1629 4369
6983 2780
7457 1541
9157 2797
8256 2291
8453 7750
1813 4101
5931 1914
2563 7387
1691 1731
6284 736
861 1435
5278 8037
8384 3022
8688 5702
8400 3427
960 6618
4348 650
9531 3052
4433 9796
3351 4009
3189 8124
785 7235
3796 9308
8120 3779
4961 6552
4857 2578
3112 8376
4339 2071
6215 2005
6859 7352
5924 1869
8851 9148
1964 9502
4152 4660
5291 6649
5067 3415
4003 4659
6070 5594
9601 220
5669 2998
3611 1904
3379 5776
8995 2480
7384 1260
7535 9351
7370 7747
3319 646
6516 2999
7144 6993
6501 6786
2590 4344
2243 6329
238 9256
4116 2401
6491 4225
8379 2899
6627 5177
1163 6628
9306 4760
4017 6835
368 5743
215 6964
7288 8334
7627 6808
6081 5185
5463 6650
6095 6845
5019 8066
6907 3252
6129 4407
4133 91
9530 551
4036 3681
5958 3655
8612 5346
9265 1872
1667 3282
3344 6344
6844 5570
5339 7770
7260 8399
9479 6663
934 3745
9705 1724
3518 8512
2966 2309
185 1451
5234 4544
5231 4064
9872 1295
7477 157
5179 8767
64 5399
5142 9358
2960 9186
6631 7094
3180 1122
9795 4043
7931 8599
8132 3348
2758 2943
3991 7373
5592 1492
3313 9419
8283 8690
2272 4592
2372 675
4556 9423
5795 6444
6130 1436
7287 1190
9929 6196
9621 1092
8464 6002
7126 1153
9886 2944
8141 5608
438 4848
9768 515
4996 3674
7509 7505
9752 7128
4143 5206
3064 5123
4039 1062
9262 9374
995 7623
4382 234
83 835
2573 7491
9225 4114
5754 4468
7606 7303
2548 6760
4725 7593
5647 2526
1707 779
1523 3744
754 3399
978 291
2963 4434
5947 2815
7253 3687
23 5733
9427 9937
6611 1232
7490 9360
4762 3395
9855 3241
3658 8178
5148 8501
9561 5782
2033 5698
8983 5287
3693 2219
4573 3636
5310 9665
9341 7226
1557 4986
7603 2208
670 9578
6359 8650
1991 4062
8286 9807
6117 485
3689 1672
8760 5276
4222 3461
3233 6472
3368 5086
7870 4400
3371 7863
9212 7162
1767 6305
9038 2043
5344 2508
8921 1371
2355 3695
556 102
561 7527
55 9623
9702 6767
5506 2682
5466 6934
4461 2550
6895 9827
3769 7117
7697 7266
2367 3044
8777 7748
7667 1779
7717 7731
9160 6622
4778 7568
2292 5171
9568 6548
9967 7776
3931 7994
9644 7814
6615 6280
80 2823
5785 9695
5919 9957
4439 1080
2450 5658
9935 3509
3739 9445
9993 1006
8652 9438
4851 7437
6507 8893
6598 6077
4295 232
5500 1659
1432 5226
4536 6769
2346 4680
1730 733
1473 2927
8402 333
4191 6975
9439 7177
6857 4208
8710 8282
3337 4965
7241 877
5587 1536
8143 8294
8518 925
2438 8524
182 5352
69 824
2995 2656
1124 8743
2353 3523
3671 9609
2002 7181
9101 1534
2628 4837
3475 1614
1751 3782
1988 1742
7160 8657
2421 39
4818 6908
9965 8307
2961 7172
7829 4204
3685 7807
4949 7092
8468 9169
1243 9287
1756 6970
8199 7723
5293 9417
3683 3376
6183 499
8239 6403
4482 1619
1164 6035
2221 1612
9254 337
8969 3628
5720 8587
6195 9172
2514 8047
8827 3149
6309 904
3176 4323
2182 4840
6594 2003
1088 5452
382 9357
3621 694
6307 2312
457 6350
7065 6006
8439 4579
6561 7267
4265 6943
1728 9635
8779 9384
3394 4686
4089 1955
1335 5331
4610 838
849 1680
3820 5138
3019 6784
3237 1009
9293 5378
6274 7296
3187 5308
5828 4908
7291 2483
9637 6685
2240 3627
5026 9662
8987 2789
1898 926
6182 2744
4042 8831
7738 5734
3137 7653
6724 7824
5969 8027
2534 5722
5630 5682
4783 9683
3090 9500
2193 5973
7780 7754
8788 4391
534 7760
6656 9403
921 1142
6719 8768
7478 3672
1082 2516
8002 3306
4080 1666
7322 2904
8043 6716
9447 7265
1023 7376
3242 6953
7836 1645
9958 9136
5009 2143
4687 1010
9883 9709
6203 2609
6188 9390
4763 4006
886 4519
6848 2281
4287 1983
9485 336
254 1922
3234 8489
6710 6285
3004 7891
8750 7533
3079 9661
8491 7797
5949 6414
1457 1591
4121 8206
9134 9405
3431 9915
7467 2920
8698 8414
1567 1976
9012 742
6276 2225
8021 5139
8129 4463
3040 7078
6564 3894
4794 7205
4803 4496
7481 3007
9196 1181
3384 8679
6224 6487
8100 8745
7208 876
74 5942
3174 3216
752 2735
7983 6160
1379 9425
6648 4768
7820 3228
8261 8793
301 133
6394 3511
559 5356
6889 9903
9105 728
2872 9656
2854 5740
5460 2498
807 4262
523 6102
6227 296
1911 7595
6240 1187
4063 6637
9375 2861
2444 928
1041 3232
5889 9923
7180 6962
2538 7029
5042 8677
7023 7549
2036 3271
5393 6756
3632 7112
940 5262
7686 7224
8781 7641
5759 2082
3010 6320
9652 8431
6125 542
2569 9484
5064 929
5903 9413
2330 4231
5797 3454
1594 8024
1510 1789
1755 9509
3958 4631
2537 5604
2487 9892
5757 9980
7202 1574
8648 8277
1786 2263
5320 5395
1693 7124
1116 836
2761 7106
927 9870
7601 6223
4645 6742
1558 8966
9006 3442
9826 5218
952 8272
7087 7843
2124 3448
4113 3709
1319 8559
5638 2765
6644 9739
5011 1679
9890 7496
5311 1021
4441 4895
4189 1889
7720 3539
845 5065
114 703
1517 3246
5632 6433
4558 3753
2391 7312
1235 7771
548 4663
3041 4203
626 9034
1367 6440
50 2174
7993 5964
2148 6076
788 6250
4677 7516
677 7728
6201 4131
4521 3463
4531 3051
87 5985
647 842
4199 8544
2476 6539
8858 5374
42 4966
3582 7919
5502 1119
7116 3238
2592 362
3171 8125
9281 2140
1370 1511
4616 941
5192 8952
5057 1282
298 6921
1403 3996
4398 7428
5191 195
6750 2184
1512 6880
9246 5677
226 4153
503 2489
1526 2300
3950 264
9942 2684
3762 1499
2237 8689
307 6108
3244 8036
1185 6251
2962 8220
7565 3160
5721 7048
687 8341
8616 8495
7345 3449
7725 3615
7219 4793
1630 8243
2455 6497
5267 3490
8232 2084
5593 3526
1487 4480
6210 1008
888 9728
6968 2085
5848 6788
8105 9517
7594 2645
5719 19
6136 7344
5705 955
7563 1986
6642 3390
5354 1749
5060 5870
6812 5670
991 7570
4842 5091
2059 1694
3075 6097
4650 5080
5398 7766
8880 6682
5318 5620
9017 2448
4119 3094
7442 3612
1320 8372
7545 9952
5636 5168
5281 1975
6858 8752
4765 3984
9907 918
3360 5980
3959 3338
787 5256
2157 7228
9386 1364
3585 1296
9055 3029
1692 8278
9294 7874
7966 7735
9569 5780
867 7816
379 2395
1167 1796
6673 7279
2570 7455
9675 2377
9315 3842
7885 6630
3667 7589
312 5102
3768 8583
5282 4957
655 9593
4190 6972
8422 826
5738 429
9076 1912
4184 7164
7551 206
547 8012
1932 2544
4216 5810
3637 9512
8784 3259
6683 6949
495 3375
5261 9414
9378 7752
9819 6930
4955 2596
8801 2128
8664 6222
7577 9976
9657 7763
138 8579
4384 717
8816 7604
4930 2907
4047 7706
5313 9354
7790 9317
702 2888
7698 1454
9955 7982
2477 6704
517 4844
9630 5650
9856 2080
8990 9296
4588 8097
8438 9334
4053 5322
1217 2497
1787 6030
4503 1735
1135 3059
5806 265
9882 6069
5823 8188
2733 6365
6619 8207
3568 2093
2467 5830
3710 283
2170 3027
1808 4832
5953 4266
3150 1706
8437 7364
5110 9542
6050 1613
4286 1888
2773 2158
6218 9885
5701 3480
5618 4202
207 4195
4259 3350
5871 371
1264 5845
9137 7310
9572 1760
6679 9367
3949 6267
8013 2923
6605 3726
1647 5078
4124 7876
2156 7520
1209 653
2149 3038
4277 932
5723 5815
5945 2173
6089 526
6577 2629
5835 3946
6277 6473
7107 3255
478 3239
5194 8076
811 4305
9448 806
2198 7150
660 5938
2705 90
4991 7232
6100 7425
3977 6026
4664 6408
6094 3274
5327 608
4086 468
1053 4884
5834 5323
7109 1866
1336 915
2049 110
1894 8625
247 1940
9 3206
2579 3720
4715 1716
1795 745
7719 6863
4183 6801
3603 36
31 3926
1079 5300
5800 4148
5584 735
3531 3520
2127 1420
7479 8161
8516 5649
9204 8426
161 3503
6161 4968
7050 299
5747 4380
5029 3780
7733 2211
9316 6110
9348 2061
465 7907
8923 1845
3280 9092
7255 440
740 270
7896 4252
4897 323
4722 2103
4530 2635
6498 3875
4540 5685
9255 2471
6825 514
1215 47
6810 1479
2481 1233
317 520
5715 7737
1093 1485
8048 7656
8265 8614
6816 5751
2419 249
536 2555
453 6758
5120 7732
8390 8629
3016 5526
5127 7709
6643 8940
8836 640
8337 6458
9436 898
6007 7935
8323 1981
3465 6896
5829 4916
205 8943
4922 4238
1715 6692
9409 1290
6671 2781
1234 7957
4594 1785
9400 3963
5713 6202
9538 569
5470 2398
6918 9489
7450 9380
5368 341
3300 1967
3212 2482
6330 7089
3504 3932
582 7131
3587 6184
4056 214
8930 3871
7433 2039
447 8087
3805 1726
7388 5707
4093 2787
4862 2560
5214 2045
8247 4655
8715 3700
7374 9797
6459 8997
5303 3544
2895 2218
282 796
5925 8452
2722 3291
4489 1807
1596 9412
5392 1368
6763 6633
4526 7249
59 9503
3192 798
9168 9916
4097 4296
856 9690
9581 4925
1500 1644
3928 946
4599 5784
3229 3573
1005 9036
3500 5564
476 6233
3519 5631
1695 7262
7340 6004
2238 9888
7292 5653
8029 5816
8749 795
3921 6660
9948 269
6260 6607
208 4412
6149 661
4504 7098
1094 5690
354 20
2616 2822
7138 7475
96 8536
1204 3561
4085 8646
5209 5136
267 7460
7805 8908
2720 2835
4683 8267
7063 8898
2373 5070
8897 1354
5679 1555
8737 6581
3227 6242
9035 2847
390 6426
8588 8838
4173 6239
9063 2769
8269 239
7152 482
7079 4583
8499 9205
4145 8077
1915 9322
3333 9494
5663 9145
4221 7661
5103 3168
1018 7785
8462 2683
3253 1165
3261 2380
2187 7003
3665 1593
3056 2231
1925 2350
780 8507
7020 9986
2354 5994
89 1634
2164 8137
9230 8252
4606 4699
8697 4186
6905 3479
1689 5324
4505 3507
5820 2374
6005 2280
8340 1676
529 2301
2411 1031
4788 1378
2525 3140
6620 4349
6666 126
841 576
7765 4364
3185 6404
7411 9083
9241 1502
9547 1186
4234 5441
9118 9501
6783 4557
3635 665
5031 1431
8955 830
2244 7700
8213 3916
8902 8837
678 7086
9984 5279
3761 1223
67 9557
4609 3922
7196 8977
6386 1056
9170 5508
1718 8889
4615 7744
9850 8532
2704 9095
1325 4618
8159 6033
4450 9033
5030 9820
5265 1671
5490 4828
3907 5027
9476 7801
2394 6451
4604 8388
4378 7958
6690 6657
1109 4766
5854 7582
1034 5927
3358 2369
8589 7833
6410 9815
9429 1896
9848 6
153 8296
8751 4603
9522 5496
319 8528
7730 5173
2150 7838
8070 8948
9933 9368
6465 9031
8435 4681
7742 7663
7464 7414
1102 8253
9647 8114
7451 9814
1022 805
1892 5516
4617 203
9806 199
5873 9554
3751 4808
1192 3788
8803 4602
6833 7064
8057 4863
260 1339
1328 2294
9482 3801
2865 1876
8566 5868
419 1177
3899 7338
305 9867
1721 4140
1051 8481
4575 5539
9854 6563
5301 2160
2630 8546
4824 1083
2505 2014
9139 6432
4230 316
1291 8391
2588 4838
1678 373
3664 5049
1351 9712
7440 4956
6954 4976
3666 4990
107 1883
3832 9081
97 7804
7410 7358
38 338
2737 2228
6163 2681
8763 6476
6913 7928
1184 1199
6053 4740
7775 8756
7484 2258
9051 7329
611 9786
6384 1769
8085 7178
5974 4044
4537 3151
5350 1238
632 3663
7495 6131
5522 3102
99 7294
6613 6213
3886 7240
5643 2831
3790 1241
8288 7555
2594 4975
1962 913
1525 5661
2768 6892
3913 3856
6453 1078
7197 8450
295 4478
10 4877
5804 9943
2772 3385
5478 6079
1189 6177
9233 1385
351 5266
7416 7244
8635 7195
4692 2584
2025 5691
6624 9834
2095 6872
5462 6179
347 1708
8759 8333
4357 5579
3966 3093
486 9492
9143 4107
1130 8110
2805 1559
9217 7445
5076 4164
9962 8906
5201 3823
6308 4554
7166 6883
3849 8424
3468 1261
8409 5641
4738 2571
533 3860
6468 9747
4408 4149
1450 9905
5289 5651
9218 746
5469 6556
6771 1141
106 4675
7046 4135
1545 522
5684 2343
9660 7105
7854 2730
9462 3175
6765 1563
4695 8557
2017 7622
1294 1506
1434 9067
7167 3116
431 2527
159 9481
1978 8378
3866 2378
1438 8208
8508 3651
5530 1470
7015 1068
3433 8806
3618 1824
9679 5527
5416 666
6257 1863
6208 3607
9772 3806
5717 2910
5710 7300
1399 600
2740 764
7030 1302
2418 4206
1273 1057
4366 409
9260 2807
6040 3760
8067 3105
430 7614
3222 6987
3748 8917
7973 228
372 1768
1631 9040
594 2767
4737 112
6225 8912
9066 9595
4810 8138
5672 3993
989 9830
2513 5597
957 4315
4756 2946
183 8538
8964 5498
197 3986
8123 6567
3600 5652
4547 9865
992 2581
8398 8714
5849 6931
4075 1744
7395 5963
6457 848
2905 690
3770 8543
6532 3872
2523 8609
7844 2183
1085 894
2099 6395
3382 7939
4598 2048
9151 610
2783 7572
1410 6925
2617 7229
6912 9881
2042 2315
2997 575
5675 1143
1106 2619
6178 2009
8825 9061
1140 8878
802 6346
1873 2626
3868 1903
1242 9363
9698 7540
3774 1838
4831 3781
6530 3906
7399 6011
1874 2936
8574 512
3367 8978
7567 4356
5351 1195
8550 2311
3527 924
2693 3122
1504 165
510 7911
2220 144
1125 7599
6797 1951
5053 5628
1465 6434
6997 4870
5655 4386
2976 2296
1569 443
6332 8565
1155 8819
5250 3411
2120 2101
7142 6430
5081 2918
2665 6675
2188 7947
9591 2551
3183 1607
7841 7324
5040 9283
3542 9859
151 2468
6388 7336
3884 124
5538 9767
7650 935
4139 7463
6315 6019
8377 1039
7389 2715
6246 5299
8896 7211
2334 8016
5596 8748
5147 6164
9715 7945
6571 9103
4804 8514
4163 6956
4486 6503
1669 1289
8407 587
8979 8089
5933 147
5145 5456
1333 5298
9960 6522
767 3030
2484 4253
9925 9977
5387 4424
6398 1929
6991 3747
8365 8418
613 8626
8092 7489
2860 250
9860 9268
1043 4859
63 1175
3937 1509
184 9102
5842 222
8473 7573
70 5237
6016 174
4387 997
9044 9247
2870 6882
4106 2066
7036 9461
3147 6347
9226 7642
2750 9229
4555 8072
1095 4708
3214 1585
9004 4435
9183 4524
6058 6003
8479 996
5196 9954
6363 1604
1626 7113
1218 9596
2492 7084
4144 9780
1957 1002
3042 4033
100 9527
5329 7739
5036 1602
5771 3119
93 5157
9626 4929
812 3136
2814 3697
6749 7102
9209 1059
8604 425
8471 3989
5975 1623
7201 7076
9926 7823
1337 6304
2871 8564
4944 3730
6012 4303
2925 2317
3310 2202
5124 4999
6247 789
2249 6838
2948 5107
2900 3224
2557 5309
2178 2524
8293 4500
7289 2874
8008 5553
2652 5383
9973 1507
6555 5141
943 9983
9849 8656
6992 1535
7256 3357
7547 6854
1763 3203
2637 8541
5762 7342
5536 8685
2314 7783
8202 318
558 5215
5015 8711
6738 9634
6340 1893
1953 2800
1655 3564
5860 123
492 641
7860 9499
7616 3799
3363 7937
3135 2818
817 413
2591 783
9762 9842
5862 8126
3061 4983
9631 4054
9087 9910
6337 1752
3002 1363
5789 6325
7979 8498
1283 4254
2764 3501
309 5544
951 2087
6297 7578
7010 5390
9049 8128
1633 4855
5703 7101
5946 8312
4915 1394
1959 4964
2453 3641
6020 3723
4732 6891
6693 899
1341 7483
9836 1443
7298 458
4081 1376
8167 6061
2299 5566
8846 7605
364 2065
9252 5461
3265 9909
2233 8315
9349 8865
2067 4318
9743 4156
5244 5724
5118 4210
9765 6173
7323 6355
5714 258
6298 116
6073 9505
6775 3943
8461 6942
6156 4477
4214 7402
5557 8343
7528 7664
9932 8483
4346 6569
5752 6475
6988 2894
237 2858
3818 392
6727 9732
5841 5692
8753 8003
5211 4321
9396 3219
3293 6425
4630 7083
3033 5535
602 461
9533 4335
2286 7705
2957 2679
8487 5317
704 2412
8122 9785
4614 6028
2987 9442
8086 132
1146 1880
3162 2842
5992 5567
2734 8886
6390 9636
1467 1746
707 1817
1497 6025
7910 4581
4276 4817
3827 8059
8792 8718
9144 1765
8359 5090
1017 1482
630 3903
6822 6158
9313 4498
8295 9559
5788 1345
7326 4745
7515 544
8088 11
3850 9575
3652 4288
9459 1274
9460 4430
7149 2794
5839 4227
618 1066
9829 5072
4314 5032
6120 6082
713 8525
4229 8735
5012 1076
1298 8004
2531 1812
3982 4399
9188 5304
1236 1322
7307 1997
8113 4869
3677 9195
6791 2613
4520 2075
8198 7716
4641 4723
6180 6088
3023 4449
3771 8140
7284 7916
6587 2775
5825 7859
5404 972
511 9483
7297 6015
8151 4292
8772 3481
6462 8040
7390 9638
7722 3560
8852 9194
1266 3049
244 9060
9487 9009
5013 501
5445 4759
2782 5511
231 7701
3824 8419
1852 9567
7175 7587
8130 8741
7812 5405
1941 5803
229 4375
2754 6967
3939 8442
5519 3167
9759 8117
5840 6696
3947 6731
4376 2217
2457 427
8289 3430
7273 6299
2118 3649
2988 2623
4714 3323
4181 8456
2013 8577
8958 7529
3285 1696
933 7051
8357 7222
8291 3858
9891 3521
8005 3130
9372 3970
731 3077
9171 8726
9163 8640
4300 7778
320 1445
636 8531
781 79
595 8691
9844 4460
8503 9902
9185 2867
7206 8411
3115 3883
2111 2266
6711 6575
9628 5010
7453 8783
1990 8683
8892 714
2203 3062
1856 408
8821 9435
2105 7308
715 8758
4670 9699
6629 7458
9198 1361
5221 2992
5321 5801
6207 1342
1346 4914
6047 7866
639 6971
5614 54
4271 7704
4912 1741
9540 9953
2724 3515
2215 6757
6170 5796
135 9764
9271 8466
7493 4739
3403 5893
8366 2267
2863 7600
6018 2607
8959 794
92 346
5034 4165
2575 3071
2869 4746
7169 5006
5074 4209
7868 5855
7494 5971
7624 9276
8887 8728
7039 5686
2139 2620
6604 8250
3975 6275
716 5529
3321 8853
7861 4395
8502 8106
302 2195
8799 2323
4883 5094
192 9084
1317 5853
998 4776
3929 9115
3951 1024
2230 322
6762 1776
3046 3414
6864 5357
625 4685
2599 9078
4320 6824
7660 3905
2415 7751
1703 8764
9457 8230
9970 6759
9203 7610
606 6900
5616 5623
6562 3648
3714 8316
3540 3962
4597 8191
1648 1366
7247 2625
8187 7933
5438 4669
7831 7808
2817 2465
4125 310
4905 4205
1310 9627
3086 1052
4637 4711
1393 7412
6674 4533
2226 328
3876 7217
9395 6584
4880 6739
1750 8176
5678 6231
2622 4918
581 223
8571 1272
5517 3383
3225 5886
5075 6944
7316 6401
1110 1156
7557 9748
6496 7621
1832 8441
2165 1013
2407 7239
178 6748
9228 3298
7879 8251
1956 1572
6226 693
889 6823
8046 8879
5662 7011
5381 9632
2535 8484
5997 5755
9297 7684
1963 4179
1573 9744
3690 3654
4007 2422
8866 3740
3152 3880
7396 2707
5537 923
9642 8091
1649 8510
9175 5560
7913 947
9922 8945
8332 6606
330 1152
9491 7282
8133 9310
7146 4197
1303 9837
3936 953
5255 6853
3841 6118
344 7356
6200 4012
1992 3821
5941 6826
8197 9347
1641 5411
1449 530
6504 8183
1448 196
8727 3125
863 2107
1965 3590
3288 2359
1550 638
9681 5912
6165 8797
9622 6411
9520 5315
4989 1549
9641 2886
6096 6818
6919 2577
2326 1224
6667 2152
8842 726
9689 3074
7724 8064
3792 6947
9519 1249
343 6940
7194 591
315 4717
1515 2950
8156 7139
3211 6466
3722 7417
5660 3773
9949 2748
62 9177
9235 9298
1968 4082
7369 8655
2714 3766
3014 7903
9073 2993
6409 5408
7360 7005
4626 9200
3784 2991
7906 3859
8347 3107
1946 1475
3202 4561
1086 6865
9640 1225
7047 8304
3145 6722
9730 7357
3702 6718
5507 3
3067 5129
3320 3895
9025 4538
6057 617
3804 5176
5708 5197
378 1610
3599 7123
7243 6115
4476 2627
7141 6060
9598 9295
8217 3025
5668 596
607 2541
3303 6506
5565 7715
4605 2942
3719 8622
2295 1365
6420 3359
8637 9861
8608 2820
8165 5389
8022 4
8993 6402
7877 7951
7839 7818
800 4038
7001 3352
1201 2153
7975 9672
3013 1253
7617 5443
4959 9663
9082 2576
5335 7580
2447 2329
1705 7293
4543 8580
3874 9619
9740 8573
7679 1570
3510 3912
2050 2278
4360 8035
4128 3890
2392 2241
7502 5204
3120 3194
3018 34
8192 4065
3474 7394
5504 513
4280 8083
6840 8672
6022 1686
689 8381
810 519
7762 3217
1474 6899
5495 2884
7987 1531
4235 4898
134 5134
7068 8540
4593 4927
9219 6086
2752 340
4887 737
4249 5582
9326 3334
1132 9058
8235 198
9135 1121
4798 1984
1782 3251
3184 1846
2062 4448
4290 9311
5773 8264
1590 2990
6502 9064
4889 9991
739 6877
3389 7145
6119 980
1606 4551
8520 6290
9843 6714
98 7703
500 4635
3529 3380
9098 3741
8166 2253
9691 768
2979 637
8259 8521
4640 6746
3381 6168
580 2912
9469 1422
2717 8041
48 3861
1658 6813
8348 3198
565 7133
2008 374
9963 3243
9917 6000
5844 8942
3437 7561
8094 8928
9402 7893
8028 3738
8787 8891
7789 2399
7941 8406
4644 1936
4576 9011
9173 1637
5899 9992
1111 2382
1313 9100
6353 8497
4632 7853
6884 3231
5391 9975
8018 3668
3284 4457
8815 9382
4672 6238
799 3441
257 9162
7940 2587
5170 5913
4094 6815
7452 399
5268 3020
6495 3953
6128 5916
710 1996
7921 999
643 7004
5875 2941
2177 9514
3869 5140
7821 6999
9553 6799
2162 3262
5866 9466
3857 1905
8705 3179
444 6441
2212 7032
6358 8025
6593 8774
4169 9236
5028 2224
6809 5808
4068 1090
9288 9490
1740 5514
7189 9763
2868 3260
6127 3995
2816 2564
8361 1938
3562 9513
5144 3083
8944 3258
5216 4775
2857 1690
1375 5778
5802 4059
1355 7809
9446 3008
3731 578
8600 6732
2204 8127
8457 7583
9649 2600
4653 9071
8299 4067
7564 2239
2520 3867
939 2325
9515 9430
3469 3659
51 7636
1600 8695
6960 8139
7444 2778
9285 4509
4180 9585
4333 3602
7198 9097
9676 4354
8150 7584
1042 7768
4822 6322
4511 2320
2091 6804
2356 4345
905 738
9964 3459
9783 4758
7325 2984
3934 3057
5342 7864
4701 7258
1468 3630
5424 8155
2558 9594
9845 243
8355 2926
2463 4836
9966 1183
4359 4264
2932 7077
3416 568
1865 5367
2029 5753
416 3908
5546 300
4881 8794
9327 3839
8929 120
3247 8135
9039 3417
4351 5210
7690 9760
3592 509
2459 2906
6319 5642
3281 2445
6209 9030
8582 4997
1258 2214
9370 1383
6702 3698
2098 6049
6187 9037
6655 1665
9223 8375
6145 6781
4445 9727
7924 5954
7061 4298
6856 8032
3471 6341
937 3892
616 3743
535 5421
5128 179
3142 1533
4874 8872
1857 1136
9420 1107
5385 428
113 5547
7432 2511
4636 9216
5995 3944
411 7037
342 688
6152 7008
6042 5833
2671 8065
697 22
5325 6595
3050 1882
1305 8561
7454 6614
7093 2319
6720 202
9914 8190
7129 2507
2621 7378
3421 9141
9280 2458
4429 3629
8440 1381
8982 2027
3772 8678
1352 9261
4689 3578
6860 3862
6583 4585
2265 4004
8933 9791
871 2503
235 6455
9343 4120
7984 5487
1826 9290
5986 4946
2970 9771
4548 9704
9074 3100
3432 6429
683 1948
5257 5175
9616 9607
4891 3956
4312 3699
5467 872
442 9307
7096 9934
7914 3999
6785 2136
7184 8404
8121 9110
1469 2881
4954 9437
9794 3092
1583 5172
4642 8567
2397 3444
3318 6708
9801 5485
7734 3819
9725 4696
9089 4437
605 6279
659 4852
7904 7413
1513 5348
3983 5451
5247 8033
5640 7334
6316 339
3498 9377
3492 2953
8631 7638
5735 3571
3567 3210
8660 5039
3373 8225
2341 5571
9678 2937
7634 9528
840 4542
4571 9726
6245 57
6517 4301
9603 4622
1267 4902
7418 6658
8729 7257
8318 6752
9871 1213
1388 7406
813 386
5156 9982
7788 5766
2510 3452
4676 5450
8552 4413
5851 2365
8368 1909
5274 1704
4796 5627
274 5928
1783 6547
5515 3533
7055 4707
3624 3676
5772 9608
5696 5951
1288 5700
7988 4431
2163 2201
6031 4690
9994 3640
2470 5881
6705 3852
2640 7930
1026 7103
9947 1472
5999 6541
1950 297
466 1818
6862 2736
3502 2234
6084 5433
698 2975
7894 7976
4415 7784
4843 488
7792 6199
1862 3952
912 313
6436 8869
4726 2171
6311 9016
8396 1395
5397 9930
1684 6301
1176 7436
9263 5716
1228 9142
9023 531
8627 6048
7963 4875
6803 1421
6376 5764
4545 3200
7761 8841
3634 9782
3169 3525
3248 4878
2430 2885
8766 6192
7331 1934
8344 3076
8363 8436
7694 8445
3436 6419
5505 2808
58 1584
6342 1458
9331 2190
9832 8981
8844 9940
469 9232
6515 4652
4853 1332
1297 9465
730 3330
2368 6827
9410 7811
7550 95
3387 1778
7726 3491
4442 2331
1677 3478
567 4212
1220 2109
2902 7986
9875 8023
1877 8554
7858 3096
1126 5920
3691 8941
8704 4972
864 8971
2811 722
518 8693
4188 1543
6101 4297
4174 5449
2340 29
8934 5373
9918 4294
8817 3400
3813 7225
2026 1792
4310 3177
9342 8136
3017 2006
4404 1414
1154 210
5629 2589
3955 7531
4389 3800
2574 8449
2284 6186
7397 6733
1424 5025
4256 5353
7514 9971
493 3264
1198 9893
9428 9811
3037 5847
875 2388
2223 828
9911 1919
7764 6821
4534 1753
152 5437
7683 9998
612 7851
8881 2427
5159 7884
973 2986
1701 9972
189 1927
9615 2828
5512 2521
5166 5259
2686 8410
8740 1182
304 9180
8668 956
8811 7459
6527 4834
2473 2663
5917 9788
2041 4684
3277 7019
8665 597
6640 7447
2846 1248
8984 8833
9013 2692
9693 5831
4443 3311
6333 8847
8428 1441
5432 681
5852 9167
4638 9041
7537 4076
5644 7830
3366 221
2597 7272
9614 4385
8505 4924
9158 1805
6099 6778
8383 8739
2989 8802
8572 5809
1774 4865
2955 8034
8425 9463
2102 4971
2417 4809
2264 4403
1784 1673
8956 9574
4027 5983
3703 8551
7482 2785
7645 2703
5955 6205
7581 6482
2996 4285
9758 9599
9021 7898
16 5665
4299 2799
9222 6263
2766 574
7075 5907
8019 8754
8641 1520
2798 1286
5236 5659
751 7136
7905 1417
6528 1632
4289 9523
4454 104
8643 1411
65 2469
1597 3000
8545 4392
3364 676
2670 7886
3933 121
8610 487
5590 9371
6805 5693
2436 4365
4177 8776
8397 3927
5041 833
9208 725
4470 170
9959 5377
9781 1900
1662 6728
9754 7759
2680 3205
5622 8725
9692 9045
766 4236
6044 6565
3466 4559
9651 4041
7465 2812
6544 8733
4856 775
8044 1926
140 8644
4371 3583
3873 1643
2446 4815
4010 8876
2608 4099
1867 2561
622 994
5454 253
7190 303
383 7441
9741 5689
3218 8258
356 3482
2713 7917
1168 6447
9544 4867
9639 505
6477 4572
8177 8736
3877 9507
9979 1033
4743 2673
8373 7626
5104 1219
4016 3164
8967 5901
664 1822
402 2366
2674 381
1222 6393
9600 8240
4849 7073
7381 4242
262 8994
7154 6849
6463 4749
4628 3809
1675 9057
1147 5957
3369 7954
3941 8785
6636 7393
2922 8387
4130 5787
2994 1656
2880 839
5242 2502
5343 1065
566 3889
7857 8720
7200 3328
7575 8063
8613 3035
9602 9708
4935 9201
8732 7383
3595 6505
6893 6295
4671 7349
2572 28
7666 7525
8927 5991
3554 410
3001 3978
8055 7845
7519 855
1982 4282
4698 6428
7699 9107
5603 5936
6536 541
9458 1055
3353 3559
18 4161
2030 7553
8800 563
9320 1091
46 4584
7746 4185
5272 2945
9808 9350
8694 7057
1524 8509
2083 4432
5792 2530
9149 2554
860 9176
3591 5181
3596 6514
5355 8999
1762 5894
4827 5022
1797 2434
2956 9032
834 8824
1777 692
4600 1505
290 9863
1312 1841
2697 3997
7588 5746
8324 4727
480 8219
9486 668
2126 2425
3249 1640
2542 9080
5695 423
9733 5576
2338 5252
4352 9688
7218 887
7943 4370
7651 7942
4625 1625
5240 479
7522 9927
5664 125
958 2646
7327 7639
7335 1437
2959 4112
3451 4799
2940 4736
9835 3170
804 1540
2155 6761
9159 6176
6751 7678
5376 7021
9274 4011
3276 624
4291 4920
7375 2644
369 7674
3154 9787
4589 8639
4355 1493
3134 3343
7613 3605
9369 1063
3297 2643
2384 699
7552 4316
5425 772
7250 5446
6668 5035
9210 6745
2131 4564
9961 5232
3736 6585
353 8592
6068 4497
4909 5047
8371 7365
8238 908
8270 8973
2743 8757
9755 6653
9655 9454
155 7328
9473 3572
609 502
8701 7435
6770 8719
5781 9908
1921 7233
1035 7798
1579 9278
4154 1277
7834 4549
644 2917
6249 8416
377 3362
8630 3148
8082 7946
2659 850
4985 3011
2060 6162
8 5292
2519 8862
4483 8470
2235 9775
5624 8770
5606 9565
9924 2547
9878 395
5458 3489
3015 3316
6557 7151
4693 2890
8163 4425
4678 8229
4309 8226
4103 4426
8157 327
7223 7772
3322 9944
979 755
2633 9833
9391 7849
2175 7081
3754 1405
1773 9048
6755 9130
5880 1389
1347 546
8702 8386
6446 603
4785 2363
7929 5874
8098 5654
1759 9687
3506 4774
7362 874
9570 1739
809 3680
289 2757
843 9686
4866 9694
9999 4091
682 4170
6519 8158
5345 4475
4104 5611
3608 4861
4674 7654
9868 6499
9611 1944
7579 200
8669 4162
4928 4347
3930 3425
1025 8172
8174 7147
6494 4621
3493 9495
2138 9504
7753 1910
7749 705
8957 5760
2706 1937
8051 9552
2032 1729
5858 1159
7234 8248
7449 4228
7183 8899
4624 2159
8255 3969
6879 8214
5837 225
52 292
1098 9240
4273 3945
7559 6678
7721 8303
4702 938
7648 3269
4595 791
7682 7095
2539 614
4440 527
1616 1620
5573 9304
3968 7209
7319 4553
491 1697
9671 2929
3798 1139
9805 8818
4934 5666
6090 5372
5154 1360
1344 3250
2879 8809
8374 6368
3891 2606
9809 4444
2819 3121
3457 160
8380 4662
5824 6625
9213 4243
7230 2500
6572 3488
9010 6397
2716 3047
357 9126
5574 8401
190 4811
4845 1562
8883 12
1392 3287
1516 3543
53 4066
8389 9612
7052 6452
4279 4910
8598 1710
5021 4057
829 2172
7887 2274
7826 3045
8152 4748
1415 5063
5533 9543
2559 5024
3392 8030
6871 5334
2387 5965
6169 6985
7510 1920
540 6828
9077 4458
2845 9415
3103 7214
397 7631
9178 2668
9131 6589
2610 9784
3704 7974
117 9355
435 3113
5885 966
5966 8486
4712 158
6293 6106
634 5386
2796 1252
4176 5130
1488 3767
8480 6134
5212 5767
9068 9648
6626 8607
7964 5688
3039 7899
4481 2763
193 6573
6973 1660
8108 6407
869 1687
5777 7676
4049 2125
954 1902
2058 4019
0
